Multiple size <= 100
TEST 1 ARG:86 66 75 52 22 56 62 92 90 2 3 26 94 15 44 40 74 80 85 24 93 91 20 16 87 5 98 84 23 12 54 7 10 53 13 83 60 78 4 39 58 77 35 28 8 34 76 61 0 81 97 31 51 32 71 82 59 41 45 99 21 65 46 57 73 29 36 95 14 70 43 79 68 1 89 18 50 37 63 96 6 69 49 30 25 55 47 19 27 48 88 11 64 33 38 67 9 72 17 42
TEST 2 ARG:93 60 9 34 91 74 72 85 44 36 51 45 12 10 54 18 70 89 35 96 79 75 55 16 47 27 3 39 84 99 29 57 13 53 46 66 8 97 76 5 15 73 6 28 68 61 80 62 20 19 0 43 83 26 21 50 1 71 98 81 87 24 88 2 40 69 33 95 38 7 67 78 30 11 25 65 59 31 77 41 22 32 64 17 4 23 56 90 14 94 48 52 42 37 63 49 92 58 82 86
TEST 3 ARG:6 0 85 55 13 70 38 4 34 59 62 33 60 77 39 95 51 88 15 42 53 57 29 92 9 76 72 65 90 23 49 71 18 7 69 36 43 11 64 75 68 50 5 47 97 58 8 16 63 2 14 31 98 30 93 79 27 96 81 54 32 19 37 89 35 22 20 56 67 25 99 46 45 48 80 86 61 83 84 87 73 41 21 52 40 12 74 28 1 24 10 82 78 3 17 26 94 44 91 66
TEST 4 ARG:74 93 9 86 70 28 57 4 73 59 19 63 76 67 64 80 24 17 32 54 39 60 31 30 46 68 27 52 47 72 88 11 55 40 91 62 66 18 99 61 5 65 45 14 44 20 22 56 81 79 82 89 25 13 29 21 41 36 90 78 35 6 95 42 94 37 83 1 7 85 87 77 34 97 33 53 75 43 26 49 8 69 50 3 96 98 15 71 2 58 0 84 10 38 16 51 23 48 12 92
TEST 5 ARG:42 44 0 92 8 9 61 77 21 35 54 65 75 24 90 97 29 16 39 62 55 98 36 81 84 67 72 25 64 80 51 96 88 57 20 69 66 74 50 28 68 83 1 3 15 82 2 33 89 79 14 49 58 85 48 17 43 4 13 52 38 73 70 41 60 86 5 59 18 6 53 23 78 31 99 94 91 12 19 27 40 22 45 34 71 7 63 32 95 93 30 47 56 46 76 26 37 11 10 87
TEST 6 ARG:88 17 53 70 97 76 38 42 49 75 66 71 83 94 8 73 32 77 50 21 52 43 45 91 37 1 89 26 31 54 24 72 12 35 78 65 81 68 57 69 87 46 16 29 3 60 95 98 56 82 67 40 9 64 74 33 7 55 23 79 61 80 93 99 48 59 13 2 25 34 47 84 41 62 11 18 0 36 85 15 20 22 58 10 90 5 6 44 19 63 30 14 51 86 39 28 92 96 27 4
TEST 7 ARG:92 88 75 69 96 48 28 98 9 20 93 82 73 23 6 7 45 49 4 0 87 43 5 95 91 52 62 50 99 21 86 31 59 65 94 61 70 29 38 83 46 56 40 18 30 36 57 53 19 97 66 8 89 58 74 10 76 54 14 64 81 55 71 1 13 60 72 41 27 67 68 37 3 33 16 63 25 78 15 51 77 22 42 17 34 35 84 2 90 26 85 44 47 80 11 39 32 79 24 12
TEST 8 ARG:49 99 92 9 1 98 93 78 31 44 54 56 19 79 97 88 87 25 10 28 13 6 60 66 20 41 35 50 7 0 83 84 32 48 51 36 74 96 58 46 15 47 8 76 16 4 95 17 61 89 42 90 53 55 33 5 67 72 59 64 85 27 39 45 94 68 70 62 82 22 18 91 34 71 75 30 38 43 81 63 12 37 73 65 69 21 11 26 80 86 57 24 40 52 23 77 2 29 14 3
TEST 9 ARG:45 34 37 52 78 81 10 48 51 14 76 11 98 50 74 70 89 3 85 62 97 79 23 54 12 71 68 61 15 20 59 77 46 30 63 40 31 32 49 53 36 39 43 26 93 84 72 21 1 28 4 96 24 57 80 22 91 88 27 8 2 65 29 25 67 9 35 73 18 83 44 33 13 90 60 66 95 58 0 16 47 75 99 7 41 17 94 86 87 38 42 69 19 92 64 55 56 6 82 5
TEST 10 ARG:16 67 65 75 20 69 82 37 33 23 38 8 99 7 80 87 24 50 81 72 66 41 31 88 35 90 32 98 58 94 10 1 62 55 54 39 73 29 15 86 25 97 5 78 70 28 44 17 45 76 89 4 59 53 47 77 52 11 46 9 56 12 57 27 71 22 42 74 19 95 64 36 84 34 51 49 79 2 96 26 85 18 91 83 68 13 63 61 43 14 48 40 92 30 93 21 60 3 0 6
TEST 11 ARG:39 32 26 70 13 63 25 16 51 59 6 36 69 5 88 20 66 41 49 60 56 86 93 33 35 92 68 79 31 22 45 38 82 11 91 12 50 14 2 76 10 21 29 47 8 43 53 46 48 89 28 9 83 61 30 64 94 72 24 57 37 99 58 98 42 23 18 27 7 95 4 74 80 97 3 1 40 71 15 96 52 75 67 34 62 55 54 73 87 19 90 17 78 65 44 85 0 84 81 77
TEST 12 ARG:2 75 68 62 85 87 51 65 20 47 89 60 78 39 64 93 19 32 80 69 41 1 26 88 9 94 44 15 59 48 50 49 6 95 13 73 0 56 34 54 76 33 36 3 16 72 28 7 55 30 92 57 86 22 67 37 58 40 84 77 71 25 53 17 79 90 14 61 70 35 21 8 66 29 27 38 82 42 83 5 81 12 18 46 10 74 45 52 63 31 96 24 11 43 99 23 98 91 4 97
TEST 13 ARG:72 41 69 22 66 38 81 37 94 11 58 92 34 57 5 0 1 17 40 61 96 77 54 71 33 84 95 91 32 76 78 52 67 43 14 98 31 68 24 8 16 86 44 19 12 9 28 97 29 99 85 70 30 21 60 46 82 89 20 75 18 83 88 39 55 49 36 7 73 45 27 6 3 25 15 47 79 93 74 53 87 23 10 80 13 65 51 59 90 63 50 62 35 26 42 56 64 2 4 48
TEST 14 ARG:84 57 90 89 34 67 19 99 59 71 45 4 0 24 13 7 37 39 96 35 95 97 15 28 51 12 69 14 31 73 88 17 10 23 79 30 82 87 48 65 68 92 86 43 93 83 74 25 29 62 2 36 46 32 44 75 91 47 53 98 77 49 56 78 80 11 81 21 26 63 38 41 33 61 6 54 64 22 70 16 55 58 60 66 50 27 18 94 52 8 3 40 20 72 85 42 1 76 9 5
TEST 15 ARG:5 21 48 3 22 66 56 34 67 35 32 10 98 95 28 25 88 4 38 85 49 93 39 97 58 15 2 70 77 36 54 92 89 79 91 7 55 14 87 78 51 53 61 69 65 8 94 27 72 71 63 80 29 40 60 19 11 62 99 46 17 9 26 43 41 68 90 59 13 75 52 30 18 81 20 44 31 83 45 0 57 42 6 24 16 64 50 12 73 37 74 82 84 76 23 96 47 33 1 86
TEST 16 ARG:89 56 15 17 30 8 0 75 82 11 83 47 1 24 97 93 76 18 94 98 96 51 38 2 77 66 84 35 79 4 20 41 63 5 3 28 23 92 65 26 54 46 58 7 72 34 50 69 29 86 49 68 57 55 95 19 27 90 87 52 25 12 62 88 53 13 67 80 74 81 61 73 6 16 22 71 70 10 59 42 39 99 37 33 78 60 32 40 45 44 43 36 31 21 85 9 64 14 91 48
TEST 17 ARG:58 73 54 62 10 49 77 96 93 45 92 32 55 95 60 50 29 97 13 24 46 23 65 30 44 43 22 78 88 57 6 53 9 80 61 25 90 83 91 70 15 37 18 82 48 36 33 41 84 3 2 4 75 66 89 72 21 74 1 12 51 47 76 42 11 69 94 71 20 40 59 38 52 19 27 35 39 8 63 0 79 99 64 14 67 34 68 26 31 7 56 28 98 16 85 87 17 81 5 86
TEST 18 ARG:78 42 30 52 36 45 31 86 92 7 88 24 34 50 79 62 77 47 99 89 91 84 40 11 1 60 65 98 8 39 38 94 12 80 68 28 13 16 49 22 83 61 17 46 63 19 54 3 10 32 53 56 9 5 43 35 75 69 71 23 20 15 14 96 51 59 0 21 87 93 64 6 41 73 18 58 95 57 82 55 29 27 85 4 67 97 81 74 72 66 33 44 26 90 48 37 25 76 2 70
TEST 19 ARG:35 78 95 18 71 43 96 2 66 28 99 32 10 62 23 55 49 92 88 24 51 4 29 21 7 70 83 13 37 91 46 60 87 20 79 61 53 57 94 86 65 69 40 67 6 81 93 82 11 77 98 12 14 34 9 5 58 56 16 3 45 63 73 17 8 52 64 27 15 76 19 44 25 26 39 48 68 1 72 75 41 90 0 97 33 47 85 54 89 42 36 59 80 38 50 74 84 31 30 22
TEST 20 ARG:89 69 74 88 86 54 20 34 62 24 99 50 13 67 64 14 31 55 59 52 75 29 66 73 1 46 9 12 44 87 70 0 23 63 97 61 95 42 93 36 83 43 77 2 37 82 21 38 60 57 78 18 96 72 7 49 11 47 84 85 15 51 22 8 5 91 76 35 25 32 33 48 92 90 4 28 30 3 94 68 81 10 6 58 45 71 26 39 41 19 79 17 53 16 80 98 56 65 27 40
TEST 21 ARG:60 74 18 42 63 69 13 10 85 73 1 20 59 47 80 89 21 44 67 68 45 90 2 0 93 32 37 62 65 54 12 71 4 87 86 51 56 49 31 36 75 17 88 77 81 7 46 76 5 83 41 14 97 6 28 55 24 27 40 78 84 50 33 43 22 57 98 66 48 26 72 94 30 52 99 79 82 11 39 92 3 23 53 70 34 91 8 19 38 16 96 25 29 9 95 61 35 64 15 58
TEST 22 ARG:83 50 61 21 33 2 78 43 87 11 30 56 27 65 38 55 10 0 46 7 1 19 86 70 72 99 51 12 29 79 93 71 52 97 13 64 32 68 84 58 24 9 94 20 16 4 76 45 63 75 73 90 14 49 22 44 47 23 66 18 88 42 92 62 34 26 3 57 25 69 77 67 96 60 53 98 48 80 5 6 35 31 39 41 17 81 91 37 85 95 59 15 36 74 54 40 89 82 28 8
TEST 23 ARG:90 63 51 29 66 91 89 27 57 44 86 95 5 43 45 11 74 67 78 34 38 80 39 13 93 3 98 24 64 88 58 71 1 19 25 0 60 21 23 94 69 22 76 10 40 54 6 42 26 99 8 18 70 65 62 32 52 35 2 92 49 53 31 96 20 79 85 47 68 14 81 61 41 36 75 15 12 82 73 28 46 4 72 55 33 77 16 48 30 56 59 83 7 50 37 84 87 9 17 97
TEST 24 ARG:62 86 90 89 6 96 54 92 53 48 35 46 45 10 44 47 32 17 63 73 41 37 60 24 88 26 65 4 78 85 87 52 83 70 11 76 72 9 59 18 51 39 95 34 91 36 28 79 84 23 20 22 55 7 68 80 8 29 56 98 74 13 43 69 27 82 16 42 19 77 50 99 12 15 49 94 1 38 2 93 97 71 0 30 40 21 57 66 75 81 61 58 67 5 3 25 33 31 64 14
TEST 25 ARG:30 47 84 19 90 42 41 17 58 12 11 87 65 21 70 56 83 75 28 88 51 61 26 82 15 95 72 55 14 5 77 33 81 4 2 31 29 32 97 80 79 48 67 35 13 22 92 38 54 8 99 23 43 64 16 52 36 66 9 40 34 27 76 45 78 57 18 39 49 20 63 68 96 86 93 37 46 91 89 85 3 1 53 98 71 25 24 74 94 10 60 44 59 62 7 6 69 50 73 0
TEST 26 ARG:53 80 11 25 37 38 1 39 7 30 72 36 3 21 2 61 29 12 59 33 18 83 19 68 94 20 32 6 55 51 13 87 77 95 93 10 86 65 66 63 54 43 5 71 24 26 47 81 9 44 82 64 69 70 85 23 48 60 78 90 14 41 49 67 52 8 89 62 0 45 79 97 96 16 50 4 75 57 17 73 92 76 15 46 27 31 99 91 88 42 40 34 84 98 74 22 58 28 35 56
TEST 27 ARG:43 73 21 18 53 81 87 52 62 46 56 95 75 3 99 41 84 72 29 54 49 60 77 96 17 25 35 57 0 14 67 6 82 30 27 31 1 22 39 66 63 51 86 97 45 28 59 2 47 7 89 70 85 24 65 83 38 12 58 40 37 36 11 5 98 90 79 64 48 8 74 78 80 55 10 26 23 20 69 68 15 32 71 61 91 44 19 93 42 94 16 76 88 92 4 33 34 50 13 9
TEST 28 ARG:99 31 82 30 85 20 11 48 33 50 42 77 64 83 37 28 52 53 41 90 44 84 34 51 65 70 27 39 13 76 57 3 19 10 79 5 96 73 69 78 92 29 80 47 40 17 61 88 68 66 93 75 6 72 4 16 94 9 60 97 35 74 98 49 24 7 87 67 95 23 14 71 32 81 18 63 22 54 38 25 86 45 0 1 15 2 43 62 12 8 46 56 91 55 59 89 58 26 21 36
